-3.000000 -3.000000 0.027020 -0.014610
-3.000000 -2.800000 0.073267 -0.032605
-3.000000 -2.600000 0.182997 -0.066264
-3.000000 -2.400000 0.421015 -0.122376
-3.000000 -2.200000 0.892624 -0.204869
-3.000000 -2.000000 1.743988 -0.309361
-3.000000 -1.800000 3.141522 -0.418076
-3.000000 -1.600000 5.218469 -0.498171
-3.000000 -1.400000 7.995093 -0.504776
-3.000000 -1.200000 11.304084 -0.394879
-3.000000 -1.000000 14.755441 -0.137900
-3.000000 -0.800000 17.798111 0.267354
-3.000000 -0.600000 19.857933 0.794658
-3.000000 -0.400000 20.532745 1.383025
-3.000000 -0.200000 19.724537 1.955189
-3.000000 0.000000 17.667027 2.439512
-3.000000 0.200000 14.832565 2.773458
-3.000000 0.400000 11.743788 2.926899
-3.000000 0.600000 8.834919 2.889002
-3.000000 0.800000 6.357820 2.680161
-3.000000 1.000000 4.399709 2.336663
-3.000000 1.200000 2.931679 1.909138
-3.000000 1.400000 1.876362 1.456450
-3.000000 1.600001 1.146415 1.033282
-3.000000 1.800001 0.663635 0.678727
-3.000000 2.000000 0.361237 0.411544
-3.000000 2.200001 0.183700 0.229728
-3.000000 2.400001 0.086824 0.117860
-3.000000 2.600001 0.038003 0.055509
-3.000000 2.800001 0.015366 0.023982
-2.800000 -3.000000 0.061136 -0.039675
-2.800000 -2.800000 0.164935 -0.088576
-2.800000 -2.600000 0.409836 -0.180207
-2.800000 -2.400000 0.938151 -0.333643
-2.800000 -2.200000 1.978905 -0.560754
-2.800000 -2.000000 3.847634 -0.853342
-2.800000 -1.800000 6.897488 -1.168941
-2.800000 -1.600000 11.402007 -1.427210
-2.800000 -1.400000 17.392958 -1.520418
-2.800000 -1.200000 24.487143 -1.340498
-2.800000 -1.000000 31.838860 -0.812701
-2.800000 -0.800000 38.268414 0.077134
-2.800000 -0.600000 42.572975 1.266669
-2.800000 -0.400000 43.927597 2.627376
-2.800000 -0.200000 42.161167 3.992855
-2.800000 0.000000 37.799072 5.183841
-2.800000 0.200000 31.831459 6.070028
-2.800000 0.400000 25.362919 6.548629
-2.800000 0.600000 19.268610 6.596038
-2.800000 0.800000 14.056144 6.233961
-2.800000 1.000000 9.889184 5.528034
-2.800000 1.200000 6.709428 4.587695
-2.800000 1.400000 4.370070 3.550744
-2.800000 1.600001 2.713494 2.550460
-2.800000 1.800001 1.592433 1.694030
-2.800000 2.000000 0.876574 1.037047
-2.800000 2.200001 0.449714 0.583679
-2.800000 2.400001 0.214042 0.301569
-2.800000 2.600001 0.094195 0.142894
-2.800000 2.800001 0.038246 0.062061
-2.600000 -3.000000 0.127018 -0.098806
-2.600000 -2.800000 0.340477 -0.220382
-2.600000 -2.600000 0.840466 -0.448076
-2.600000 -2.400000 1.911539 -0.829456
-2.600000 -2.200000 4.005829 -1.395549
-2.600000 -2.000000 7.738964 -2.129482
-2.600000 -1.800000 13.787865 -2.937719
-2.600000 -1.600000 22.657846 -3.635630
-2.600000 -1.400000 34.365353 -3.987071
-2.600000 -1.200000 48.121700 -3.744093
-2.600000 -1.000000 62.274704 -2.742264
-2.600000 -0.800000 74.524673 -0.951089
-2.600000 -0.600000 82.621445 1.511669
-2.600000 -0.400000 85.039665 4.389424
-2.600000 -0.200000 81.537132 7.350761
-2.600000 0.000000 73.183548 10.012057
-2.600000 0.200000 61.876377 12.091095
-2.600000 0.400000 49.678707 13.376135
-2.600000 0.600000 38.191395 13.765412
-2.600000 0.800000 28.309250 13.265953
-2.600000 1.000000 20.289917 11.979426
-2.600000 1.200000 14.038151 10.111722
-2.600000 1.400000 9.317607 7.944905
-2.600000 1.600001 5.881573 5.784306
-2.600000 1.800001 3.499467 3.887265
-2.600000 2.000000 1.947847 2.403651
-2.600000 2.200001 1.008043 1.364696
-2.600000 2.400001 0.483037 0.710320
-2.600000 2.600001 0.213689 0.338711
-2.600000 2.800001 0.087122 0.147902
-2.400000 -3.000000 0.242951 -0.225959
-2.400000 -2.800000 0.645790 -0.502985
-2.400000 -2.600000 1.580744 -1.020463
-2.400000 -2.400000 3.564493 -1.884891
-2.400000 -2.200000 7.408545 -3.166738
-2.400000 -2.000000 14.195786 -4.831180
-2.400000 -1.800000 25.086918 -6.674913
-2.400000 -1.600000 40.910580 -8.315546
-2.400000 -1.400000 61.595535 -9.255928
-2.400000 -1.200000 85.675835 -9.007400
-2.400000 -1.000000 110.198784 -7.240845
-2.400000 -0.800000 131.185516 -3.911462
-2.400000 -0.600000 144.805496 0.769336
-2.400000 -0.400000 148.587753 6.346054
-2.400000 -0.200000 142.335037 12.128732
-2.400000 0.000000 127.930733 17.528601
-2.400000 0.200000 108.715279 21.934635
-2.400000 0.400000 88.129593 24.898645
-2.400000 0.600000 68.724579 26.227606
-2.400000 0.800000 51.883152 25.811924
-2.400000 1.000000 37.971741 23.772787
-2.400000 1.200000 26.833902 20.432281
-2.400000 1.400000 18.163427 16.316494
-2.400000 1.600001 11.660247 12.051378
-2.400000 1.800001 7.034445 8.200088
-2.400000 2.000000 3.958038 5.124605
-2.400000 2.200001 2.065882 2.936078
-2.400000 2.400001 0.996455 1.540171
-2.400000 2.600001 0.443080 0.739280
-2.400000 2.800001 0.181361 0.324651
-2.200000 -3.000000 0.429117 -0.475153
-2.200000 -2.800000 1.128338 -1.054450
-2.200000 -2.600000 2.732466 -2.131932
-2.200000 -2.400000 6.095544 -3.923870
-2.200000 -2.200000 12.532217 -6.568463
-2.200000 -2.000000 23.755817 -9.985659
-2.200000 -1.800000 41.550049 -13.768989
-2.200000 -1.600000 67.089958 -17.166515
-2.200000 -1.400000 100.058258 -19.223791
-2.200000 -1.200000 137.981949 -19.056517
-2.200000 -1.000000 176.052139 -16.121601
-2.200000 -0.800000 208.167847 -10.360574
-2.200000 -0.600000 228.548309 -2.177698
-2.200000 -0.400000 233.700836 7.623443
-2.200000 -0.200000 223.572617 17.975214
-2.200000 0.000000 201.384842 27.802053
-2.200000 0.200000 172.290207 36.112797
-2.200000 0.400000 141.284897 42.226303
-2.200000 0.600000 112.079651 45.579563
-2.200000 0.800000 86.424660 45.891037
-2.200000 1.000000 64.735855 43.182144
-2.200000 1.200000 46.806576 37.844688
-2.200000 1.400000 32.333553 30.752686
-2.200000 1.600001 21.113951 23.063665
-2.200000 1.800001 12.911983 15.900027
-2.200000 2.000000 7.343055 10.049842
-2.200000 2.200001 3.864191 5.813231
-2.200000 2.400001 1.875716 3.074262
-2.200000 2.600001 0.838140 1.485875
-2.200000 2.800001 0.344382 0.656365
-2.000000 -3.000000 0.702717 -0.919604
-2.000000 -2.800000 1.823885 -2.033101
-2.000000 -2.600000 4.356207 -4.093037
-2.000000 -2.400000 9.587479 -7.497177
-2.000000 -2.200000 19.438755 -12.480856
-2.000000 -2.000000 36.351620 -18.869400
-2.000000 -1.800000 62.727474 -25.878040
-2.000000 -1.600000 99.967873 -32.121407
-2.000000 -1.400000 147.276230 -35.944042
-2.000000 -1.200000 200.765442 -35.910503
-2.000000 -1.000000 253.535065 -31.216347
-2.000000 -0.800000 297.191864 -21.919298
-2.000000 -0.600000 324.022919 -8.762427
-2.000000 -0.400000 329.858459 6.938449
-2.000000 -0.200000 315.167542 23.687408
-2.000000 0.000000 284.750824 39.846111
-2.000000 0.200000 245.621460 54.061604
-2.000000 0.400000 204.389725 65.166527
-2.000000 0.600000 165.447449 72.231186
-2.000000 0.800000 130.738358 74.552223
-2.000000 1.000000 100.484505 71.767517
-2.000000 1.200000 74.408607 64.241180
-2.000000 1.400000 52.475452 53.198303
-2.000000 1.600001 34.851559 40.554958
-2.000000 1.800001 21.600060 28.349215
-2.000000 2.000000 12.410366 18.132406
-2.000000 2.200001 6.582817 10.593881
-2.000000 2.400001 3.214684 5.650095
-2.000000 2.600001 1.443145 2.750478
-2.000000 2.800001 0.595062 1.222460
-1.800000 -3.000000 1.072646 -1.640668
-1.800000 -2.800000 2.739960 -3.611943
-1.800000 -2.600000 6.438333 -7.234877
-1.800000 -2.400000 13.929741 -13.172312
-1.800000 -2.200000 27.765476 -21.783373
-1.800000 -2.000000 51.022697 -32.679916
-1.800000 -1.800000 86.507858 -44.444057
-1.800000 -1.600000 135.552643 -54.726181
-1.800000 -1.400000 196.469208 -60.847946
-1.800000 -1.200000 263.788574 -60.716785
-1.800000 -1.000000 328.673248 -53.430771
-1.800000 -0.800000 380.785645 -39.360481
-1.800000 -0.600000 411.584778 -19.919052
-1.800000 -0.400000 416.592712 3.132377
-1.800000 -0.200000 397.580383 27.645235
-1.800000 0.000000 360.686981 51.652699
-1.800000 0.200000 314.448547 73.463821
-1.800000 0.400000 266.396362 91.491776
-1.800000 0.600000 220.876160 104.353500
-1.800000 0.800000 179.383911 110.634987
-1.800000 1.000000 141.724335 109.202209
-1.800000 1.200000 107.605362 100.001205
-1.800000 1.400000 77.482841 84.486359
-1.800000 1.600001 52.316353 65.533516
-1.800000 1.800001 32.840794 46.496040
-1.800000 2.000000 19.056040 30.110025
-1.800000 2.200001 10.183372 17.776646
-1.800000 2.400001 5.001059 9.565273
-1.800000 2.600001 2.254640 4.691079
-1.800000 2.800001 0.932588 2.098206
-1.600000 -3.000000 1.534021 -2.701704
-1.600000 -2.800000 3.847810 -5.920249
-1.600000 -2.600000 8.871074 -11.794127
-1.600000 -2.400000 18.809340 -21.332800
-1.600000 -2.200000 36.713562 -34.999218
-1.600000 -2.000000 66.010574 -52.032726
-1.600000 -1.800000 109.506897 -70.013329
-1.600000 -1.600000 167.856461 -85.256126
-1.600000 -1.400000 238.154999 -93.782654
-1.600000 -1.200000 313.392456 -92.788277
-1.600000 -1.000000 383.467377 -81.710922
-1.600000 -0.800000 437.589783 -61.691139
-1.600000 -0.600000 467.482239 -35.059151
-1.600000 -0.400000 469.897369 -4.273009
-1.600000 -0.200000 447.806549 28.326954
-1.600000 0.000000 408.589050 60.536373
-1.600000 0.200000 361.113464 90.656029
-1.600000 0.400000 312.658295 116.903191
-1.600000 0.600000 266.468750 137.522324
-1.600000 0.800000 223.084534 150.041718
-1.600000 1.000000 181.384552 152.200684
-1.600000 1.200000 141.208191 142.842606
-1.600000 1.400000 103.776772 123.304420
-1.600000 1.600001 71.185226 97.421242
-1.600000 1.800001 45.232483 70.200722
-1.600000 2.000000 26.482666 46.055775
-1.600000 2.200001 14.247840 27.486609
-1.600000 2.400001 7.031720 14.924079
-1.600000 2.600001 3.181334 7.375691
-1.600000 2.800001 1.319137 3.320419
-1.400000 -3.000000 2.062942 -4.111542
-1.400000 -2.800000 5.074990 -8.967789
-1.400000 -2.600000 11.457421 -17.765190
-1.400000 -2.400000 23.754868 -31.914181
-1.400000 -2.200000 45.261768 -51.925079
-1.400000 -2.000000 79.312164 -76.407852
-1.400000 -1.800000 128.084549 -101.619110
-1.400000 -1.600000 191.005539 -122.055435
-1.400000 -1.400000 263.671265 -132.302048
-1.400000 -1.200000 337.954559 -129.174591
-1.400000 -1.000000 403.787476 -112.788979
-1.400000 -0.800000 451.491455 -85.894989
-1.400000 -0.600000 474.920959 -52.011257
-1.400000 -0.400000 473.268707 -14.310770
-1.400000 -0.200000 450.329926 25.028681
-1.400000 0.000000 413.918030 64.331520
-1.400000 0.200000 372.221985 101.779770
-1.400000 0.400000 330.418793 136.364456
-1.400000 0.600000 290.505066 165.675079
-1.400000 0.800000 251.007629 186.474548
-1.400000 1.000000 210.109665 194.714493
-1.400000 1.200000 167.596664 187.572037
-1.400000 1.400000 125.545235 165.640030
-1.400000 1.600001 87.389503 133.419235
-1.400000 1.800001 56.127514 97.699966
-1.400000 2.000000 33.121178 64.956856
-1.400000 2.200001 17.919930 39.201912
-1.400000 2.400001 8.877456 21.484680
-1.400000 2.600001 4.025801 10.701082
-1.400000 2.800001 1.671195 4.849040
-1.200000 -3.000000 2.614630 -5.791460
-1.200000 -2.800000 6.306690 -12.576838
-1.200000 -2.600000 13.936756 -24.777187
-1.200000 -2.400000 28.206141 -44.209763
-1.200000 -2.200000 52.349640 -71.338898
-1.200000 -2.000000 89.169952 -103.909271
-1.200000 -1.800000 139.607162 -136.463379
-1.200000 -1.600000 201.499115 -161.460449
-1.200000 -1.400000 268.890717 -172.059235
-1.200000 -1.200000 333.388000 -165.187164
-1.200000 -1.000000 386.120605 -142.123352
-1.200000 -0.800000 420.377380 -108.018875
-1.200000 -0.600000 433.425842 -67.792801
-1.200000 -0.400000 427.022247 -24.990047
-1.200000 -0.200000 405.857727 18.585501
-1.200000 0.000000 376.636749 62.011982
-1.200000 0.200000 345.405548 104.638802
-1.200000 0.400000 315.324677 145.655930
-1.200000 0.600000 286.124237 183.165909
-1.200000 0.800000 255.088272 213.061081
-1.200000 1.000000 219.470047 229.435516
-1.200000 1.200000 178.971573 227.177643
-1.200000 1.400000 136.347214 205.403076
-1.200000 1.600001 96.086143 168.756210
-1.200000 1.800001 62.249508 125.618301
-1.200000 2.000000 36.954689 84.655670
-1.200000 2.200001 20.059381 51.665791
-1.200000 2.400001 9.951678 28.578487
-1.200000 2.600001 4.512080 14.345575
-1.200000 2.800001 1.870117 6.543349
-1.000000 -3.000000 3.115034 -7.561503
-1.000000 -2.800000 7.376730 -16.356213
-1.000000 -2.600000 15.958617 -32.062149
-1.000000 -2.400000 31.571888 -56.864922
-1.000000 -2.200000 57.073990 -91.049850
-1.000000 -2.000000 94.349495 -131.343033
-1.000000 -1.800000 142.979797 -170.456223
-1.000000 -1.600000 199.033264 -198.730698
-1.000000 -1.400000 255.500168 -208.087509
-1.000000 -1.200000 304.386383 -195.958221
-1.000000 -1.000000 339.240784 -165.783722
-1.000000 -0.800000 357.212982 -124.965881
-1.000000 -0.600000 359.300690 -80.077400
-1.000000 -0.400000 348.944366 -34.652565
-1.000000 -0.200000 331.264740 10.237392
-1.000000 0.000000 310.575623 54.795197
-1.000000 0.200000 290.736816 99.355103
-1.000000 0.400000 272.689301 143.999268
-1.000000 0.600000 254.578796 187.554352
-1.000000 0.800000 233.219040 225.599899
-1.000000 1.000000 205.334518 250.593933
-1.000000 1.200000 170.437241 255.108093
-1.000000 1.400000 131.503998 236.194534
-1.000000 1.600001 93.450348 197.876328
-1.000000 1.800001 60.817543 149.703461
-1.000000 2.000000 36.154980 102.239647
-1.000000 2.200001 19.600460 63.079449
-1.000000 2.400001 9.688675 35.211086
-1.000000 2.600001 4.367749 17.808380
-1.000000 2.800001 1.796944 8.174298
-0.800000 -3.000000 3.467229 -9.165369
-0.800000 -2.800000 8.072626 -19.761856
-0.800000 -2.600000 17.139763 -38.587749
-0.800000 -2.400000 33.180428 -68.093765
-0.800000 -2.200000 58.539238 -108.335899
-0.800000 -2.000000 94.104614 -155.020233
-0.800000 -1.800000 138.116257 -199.149506
-0.800000 -1.600000 185.282166 -229.183990
-0.800000 -1.400000 228.455795 -236.352295
-0.800000 -1.200000 260.758942 -218.652710
-0.800000 -1.000000 278.495941 -182.027893
-0.800000 -0.800000 282.044342 -135.882187
-0.800000 -0.600000 275.655334 -88.437256
-0.800000 -0.400000 263.444305 -42.791100
-0.800000 -0.200000 249.284821 1.122656
-0.800000 0.000000 235.706406 44.460197
-0.800000 0.200000 224.102020 88.362762
-0.800000 0.400000 214.170105 133.724686
-0.800000 0.600000 203.959641 180.129974
-0.800000 0.800000 190.259109 223.825119
-0.800000 1.000000 169.783478 256.132965
-0.800000 1.200000 142.200043 267.754425
-0.800000 1.400000 110.184837 253.508072
-0.800000 1.600001 78.262718 216.381866
-0.800000 1.800001 50.696991 166.198578
-0.800000 2.000000 29.865858 114.916397
-0.800000 2.200001 15.981716 71.620651
-0.800000 2.400001 7.770383 40.314114
-0.800000 2.600001 3.432140 20.531170
-0.800000 2.800001 1.377627 9.479118
-0.600000 -3.000000 3.571749 -10.331309
-0.600000 -2.800000 8.186521 -22.226185
-0.600000 -2.600000 17.083660 -43.288876
-0.600000 -2.400000 32.443581 -76.123886
-0.600000 -2.200000 55.969776 -120.580742
-0.600000 -2.000000 87.759094 -171.602951
-0.600000 -1.800000 125.019447 -218.877075
-0.600000 -1.600000 162.269760 -249.719391
-0.600000 -1.400000 192.493469 -254.732193
-0.600000 -1.200000 210.692261 -232.911270
-0.600000 -1.000000 215.619843 -191.718735
-0.600000 -0.800000 210.105316 -142.818527
-0.600000 -0.600000 199.060593 -94.541550
-0.600000 -0.400000 186.866302 -50.123390
-0.600000 -0.200000 175.681061 -8.063657
-0.600000 0.000000 165.977173 33.248730
-0.600000 0.200000 158.181747 75.085495
-0.600000 0.400000 151.418488 119.090996
-0.600000 0.600000 144.551010 165.578232
-0.600000 0.800000 134.724426 211.536423
-0.600000 1.000000 119.723328 248.552383
-0.600000 1.200000 99.336227 265.746338
-0.600000 1.400000 75.693871 256.499481
-0.600000 1.600001 52.476013 222.405792
-0.600000 1.800001 32.879799 173.040894
-0.600000 2.000000 18.563093 120.904152
-0.600000 2.200001 9.403209 76.007614
-0.600000 2.400001 4.267633 43.084385
-0.600000 2.600001 1.726916 22.072325
-0.600000 2.800001 0.618788 10.241110
-0.400000 -3.000000 3.360197 -10.847321
-0.400000 -2.800000 7.585341 -23.322100
-0.400000 -2.600000 15.581033 -45.380161
-0.400000 -2.400000 29.025412 -79.704994
-0.400000 -2.200000 49.049992 -126.052078
-0.400000 -2.000000 75.106209 -179.002640
-0.400000 -1.800000 104.118721 -227.692810
-0.400000 -1.600000 131.003372 -258.931244
-0.400000 -1.400000 150.267746 -263.205566
-0.400000 -1.200000 158.320419 -239.925461
-0.400000 -1.000000 155.738266 -197.445969
-0.400000 -0.800000 146.210114 -148.087494
-0.400000 -0.600000 134.408569 -100.621490
-0.400000 -0.400000 123.371582 -57.753857
-0.400000 -0.200000 113.766212 -17.405096
-0.400000 0.000000 105.374451 22.085844
-0.400000 0.200000 98.160706 62.084873
-0.400000 0.400000 91.434578 104.064873
-0.400000 0.600000 84.421700 148.936005
-0.400000 0.800000 75.602493 194.499054
-0.400000 1.000000 63.727219 232.879730
-0.400000 1.200000 49.043907 253.168015
-0.400000 1.400000 33.680298 247.678406
-0.400000 1.600001 20.092690 217.160736
-0.400000 1.800001 10.015870 170.491608
-0.400000 2.000000 3.817739 120.015114
-0.400000 2.200001 0.738883 75.896545
-0.400000 2.400001 -0.371483 43.238823
-0.400000 2.600001 -0.536923 22.242731
-0.400000 2.800001 -0.388338 10.356328
-0.200000 -3.000000 2.836537 -10.632630
-0.200000 -2.800000 6.293659 -22.882475
-0.200000 -2.600000 12.686840 -44.583805
-0.200000 -2.400000 23.149475 -78.412071
-0.200000 -2.200000 38.208626 -124.236031
-0.200000 -2.000000 56.949230 -176.804291
-0.200000 -1.800000 76.697670 -225.554062
-0.200000 -1.600000 93.330902 -257.431305
-0.200000 -1.400000 103.085861 -263.094543
-0.200000 -1.200000 104.307106 -241.692963
-0.200000 -1.000000 98.352127 -201.337372
-0.200000 -0.800000 88.485176 -153.889679
-0.200000 -0.600000 77.839127 -107.993668
-0.200000 -0.400000 68.123795 -66.289970
-0.200000 -0.200000 59.248253 -26.960278
-0.200000 0.000000 51.285938 11.529110
-0.200000 0.200000 43.481758 50.269039
-0.200000 0.400000 35.814938 90.644234
-0.200000 0.600000 27.713753 133.696396
-0.200000 0.800000 18.214062 177.402893
-0.200000 1.000000 7.665023 214.626663
-0.200000 1.200000 -2.710703 235.103485
-0.200000 1.400000 -10.583319 231.369522
-0.200000 1.600001 -14.629253 203.771240
-0.200000 1.800001 -14.823951 160.581680
-0.200000 2.000000 -12.331778 113.366859
-0.200000 2.200001 -8.789044 71.875153
-0.200000 2.400001 -5.483090 41.031555
-0.200000 2.600001 -3.029877 21.144352
-0.200000 2.800001 -1.495972 9.859388
0.000000 -3.000000 2.084915 -9.753774
0.000000 -2.800000 4.514325 -21.058374
0.000000 -2.600000 8.856969 -41.186325
0.000000 -2.400000 15.644492 -72.772652
0.000000 -2.200000 24.889774 -115.963097
0.000000 -2.000000 35.596783 -166.264984
0.000000 -1.800000 45.539951 -214.068024
0.000000 -1.600000 52.215694 -247.293503
0.000000 -1.400000 53.713726 -256.592163
0.000000 -1.200000 49.883827 -240.247116
0.000000 -1.000000 42.440186 -204.963165
0.000000 -0.800000 33.391827 -161.134644
0.000000 -0.600000 24.536108 -117.139664
0.000000 -0.400000 16.060387 -76.025665
0.000000 -0.200000 7.750733 -37.064152
0.000000 0.000000 -0.473305 1.126446
0.000000 0.200000 -8.622275 39.387119
0.000000 0.400000 -17.127945 79.041069
0.000000 0.600000 -26.680487 120.804947
0.000000 0.800000 -37.071621 162.341110
0.000000 1.000000 -46.836411 197.045181
0.000000 1.200000 -53.216747 215.542770
0.000000 1.400000 -53.907299 211.542847
0.000000 1.600001 -48.636169 185.800735
0.000000 1.800001 -39.055111 146.004257
0.000000 2.000000 -27.999104 102.831474
0.000000 2.200001 -17.981970 65.068443
0.000000 2.400001 -10.380061 37.088291
0.000000 2.600001 -5.400777 19.087662
0.000000 2.800001 -2.540395 8.891622
0.200000 -3.000000 1.255555 -8.401006
0.200000 -2.800000 2.586832 -18.242748
0.200000 -2.600000 4.777957 -35.919651
0.200000 -2.400000 7.826512 -64.019897
0.200000 -2.200000 11.254300 -103.094810
0.200000 -2.000000 14.013863 -149.754501
0.200000 -1.800000 14.614973 -195.963028
0.200000 -1.600000 11.886560 -231.024307
0.200000 -1.400000 5.720931 -245.739212
0.200000 -1.200000 -2.799380 -237.050934
0.200000 -1.000000 -11.860521 -209.105698
0.200000 -0.800000 -20.227942 -170.278961
0.200000 -0.600000 -27.945803 -128.392517
0.200000 -0.400000 -35.561008 -87.346947
0.200000 -0.200000 -43.507797 -48.138813
0.200000 0.000000 -51.811260 -9.684918
0.200000 0.200000 -60.579639 28.752150
0.200000 0.400000 -70.324203 68.469139
0.200000 0.600000 -81.154900 109.543930
0.200000 0.800000 -92.339676 149.257034
0.200000 1.000000 -100.387268 180.746689
0.200000 1.200000 -101.919708 196.118774
0.200000 1.400000 -94.730301 190.500549
0.200000 1.600001 -79.857651 165.673065
0.200000 1.800001 -60.758213 129.025879
0.200000 2.000000 -41.710739 90.185883
0.200000 2.200001 -25.840517 56.698181
0.200000 2.400001 -14.474137 32.139843
0.200000 2.600001 -7.341562 16.464775
0.200000 2.800001 -3.379004 7.640277
0.400000 -3.000000 0.496030 -6.819669
0.400000 -2.800000 0.847930 -14.939840
0.400000 -2.600000 1.141322 -29.727558
0.400000 -2.400000 0.906236 -53.671707
0.400000 -2.200000 -0.712702 -87.788345
0.400000 -2.000000 -4.849570 -129.977310
0.400000 -1.800000 -12.525410 -174.115906
0.400000 -1.600000 -23.854292 -211.139023
0.400000 -1.400000 -37.684872 -232.246719
0.400000 -1.200000 -51.834377 -232.751450
0.400000 -1.000000 -64.295181 -213.705673
0.400000 -0.800000 -74.106354 -181.144897
0.400000 -0.600000 -82.154640 -141.799988
0.400000 -0.400000 -89.543571 -100.827499
0.400000 -0.200000 -97.207512 -60.543133
0.400000 0.000000 -105.806465 -21.213945
0.400000 0.200000 -115.358154 18.133087
0.400000 0.400000 -126.364502 58.323803
0.400000 0.600000 -138.316574 99.084129
0.400000 0.800000 -148.656799 136.691864
0.400000 1.000000 -152.935989 164.646866
0.400000 1.200000 -147.513657 176.381866
0.400000 1.400000 -131.018906 168.759293
0.400000 1.600001 -106.214287 144.552094
0.400000 1.800001 -78.195671 111.058449
0.400000 2.000000 -52.176380 76.686218
0.400000 2.200001 -31.557211 47.712044
0.400000 2.400001 -17.313145 26.803589
0.400000 2.600001 -8.626135 13.627616
0.400000 2.800001 -3.908617 6.282162
0.600000 -3.000000 -0.086233 -5.242049
0.600000 -2.800000 -0.472830 -11.623444
0.600000 -2.600000 -1.598709 -23.468342
0.600000 -2.400000 -4.290986 -43.107101
0.600000 -2.200000 -9.743105 -71.992485
0.600000 -2.000000 -19.272640 -109.257004
0.600000 -1.800000 -33.707615 -150.728394
0.600000 -1.600000 -52.788361 -189.180252
0.600000 -1.400000 -74.613091 -216.420273
0.600000 -1.200000 -96.426971 -226.335114
0.600000 -1.000000 -115.247803 -217.298462
0.600000 -0.800000 -130.038452 -191.973862
0.600000 -0.600000 -140.822540 -156.194168
0.600000 -0.400000 -149.342255 -115.457764
0.600000 -0.200000 -156.951416 -73.755936
0.600000 0.000000 -164.850586 -32.693916
0.600000 0.200000 -174.149734 7.830645
0.600000 0.400000 -184.966125 48.502075
0.600000 0.600000 -195.642654 88.195976
0.600000 0.800000 -202.429398 123.156151
0.600000 1.000000 -200.224869 147.162262
0.600000 1.200000 -185.655548 155.195801
0.600000 1.400000 -159.124847 145.875443
0.600000 1.600001 -124.939583 122.738472
0.600000 1.800001 -89.454849 92.750648
0.600000 2.000000 -58.266418 63.109684
0.600000 2.200001 -34.517681 38.751656
0.600000 2.400001 -18.598488 21.522627
0.600000 2.600001 -9.122607 10.833597
0.600000 2.800001 -4.077347 4.951152
0.800000 -3.000000 -0.450037 -3.832933
0.800000 -2.800000 -1.292109 -8.632984
0.800000 -2.600000 -3.290397 -17.753052
0.800000 -2.400000 -7.512692 -33.318207
0.800000 -2.200000 -15.449012 -57.053146
0.800000 -2.000000 -28.680725 -89.130974
0.800000 -1.800000 -48.276672 -127.129028
0.800000 -1.600000 -74.085495 -165.653000
0.800000 -1.400000 -104.193108 -197.442383
0.800000 -1.200000 -135.238663 -215.603836
0.800000 -1.000000 -163.556152 -216.115860
0.800000 -0.800000 -186.478012 -198.907761
0.800000 -0.600000 -202.973175 -167.877594
0.800000 -0.400000 -213.944321 -128.453796
0.800000 -0.200000 -221.209457 -85.691490
0.800000 0.000000 -226.987991 -43.009708
0.800000 0.200000 -233.283493 -1.288497
0.800000 0.400000 -240.317291 39.136112
0.800000 0.600000 -245.916428 76.735825
0.800000 0.800000 -245.562515 107.795776
0.800000 1.000000 -234.357162 127.409607
0.800000 1.200000 -209.943207 132.013824
0.800000 1.400000 -174.341980 121.703789
0.800000 1.600001 -133.068253 100.491867
0.800000 1.800001 -92.914604 74.610634
0.800000 2.000000 -59.220711 49.959473
0.800000 2.200001 -34.418549 30.243017
0.800000 2.400001 -18.239712 16.584738
0.800000 2.600001 -8.817448 8.254559
0.800000 2.800001 -3.890754 3.735177
1.000000 -3.000000 -0.616462 -2.677107
1.000000 -2.800000 -1.654497 -6.144014
1.000000 -2.600000 -4.033381 -12.906798
1.000000 -2.400000 -8.941278 -24.819693
1.000000 -2.200000 -18.052120 -43.689163
1.000000 -2.000000 -33.275127 -70.410156
1.000000 -1.800000 -56.180927 -103.913849
1.000000 -1.600000 -87.067253 -140.494751
1.000000 -1.400000 -124.412804 -174.129944
1.000000 -1.200000 -164.709579 -197.855820
1.000000 -1.000000 -203.382568 -206.146301
1.000000 -0.800000 -236.030960 -196.779785
1.000000 -0.600000 -259.718445 -171.507965
1.000000 -0.400000 -273.846039 -135.098526
1.000000 -0.200000 -280.260590 -93.078033
1.000000 0.000000 -281.889221 -50.043011
1.000000 0.200000 -281.949310 -8.372824
1.000000 0.400000 -281.407593 30.452284
1.000000 0.600000 -278.222290 64.479576
1.000000 0.800000 -268.220001 90.648201
1.000000 1.000000 -247.443665 105.530098
1.000000 1.200000 -214.840485 107.257973
1.000000 1.400000 -173.385406 96.926155
1.000000 1.600001 -129.024796 78.524780
1.000000 1.800001 -88.099785 57.287857
1.000000 2.000000 -55.053066 37.751610
1.000000 2.200001 -31.446999 22.525150
1.000000 2.400001 -16.412056 12.193984
1.000000 2.600001 -7.827819 5.999296
1.000000 2.800001 -3.413253 2.686777
1.200000 -3.000000 -0.632979 -1.790410
1.200000 -2.800000 -1.672677 -4.194587
1.200000 -2.600000 -4.040444 -9.018371
1.200000 -2.400000 -8.937583 -17.790081
1.200000 -2.200000 -18.110825 -32.204323
1.200000 -2.000000 -33.678722 -53.497116
1.200000 -1.800000 -57.640053 -81.527077
1.200000 -1.600000 -90.909195 -114.011719
1.200000 -1.400000 -132.557983 -146.237915
1.200000 -1.200000 -179.288239 -171.929779
1.200000 -1.000000 -225.870071 -185.130768
1.200000 -0.800000 -266.391754 -182.227051
1.200000 -0.600000 -296.116241 -163.175430
1.200000 -0.400000 -312.916656 -131.609543
1.200000 -0.200000 -317.841980 -92.815483
1.200000 0.000000 -314.528961 -51.930264
1.200000 0.200000 -306.787628 -12.671966
1.200000 0.400000 -296.777313 22.536654
1.200000 0.600000 -283.559570 51.619095
1.200000 0.800000 -264.231079 72.352325
1.200000 1.000000 -236.110413 82.790016
1.200000 1.200000 -199.161041 82.435951
1.200000 1.400000 -156.657410 73.006378
1.200000 1.600001 -113.965996 58.040253
1.200000 1.800001 -76.278320 41.625828
1.200000 2.000000 -46.835293 27.009031
1.200000 2.200001 -26.339437 15.893352
1.200000 2.400001 -13.559344 8.497296
1.200000 2.600001 -6.388702 4.133905
1.200000 2.800001 -2.755628 1.832771
1.400000 -3.000000 -0.557119 -1.146060
1.400000 -2.800000 -1.471453 -2.743131
1.400000 -2.600000 -3.566827 -6.035733
1.400000 -2.400000 -7.944609 -12.204204
1.400000 -2.200000 -16.267054 -22.678562
1.400000 -2.000000 -30.678244 -38.721901
1.400000 -1.800000 -53.314167 -60.715202
1.400000 -1.600000 -85.597481 -87.385361
1.400000 -1.400000 -127.128120 -115.340080
1.400000 -1.200000 -175.068787 -139.485184
1.400000 -1.000000 -224.170547 -154.263885
1.400000 -0.800000 -267.862335 -155.619217
1.400000 -0.600000 -300.192261 -142.475098
1.400000 -0.400000 -317.874329 -117.111183
1.400000 -0.200000 -321.181305 -84.012917
1.400000 0.000000 -313.463654 -48.292423
1.400000 0.200000 -299.119720 -14.099617
1.400000 0.400000 -281.226593 15.632311
1.400000 0.600000 -260.253998 38.923103
1.400000 0.800000 -234.860291 54.286190
1.400000 1.000000 -203.717346 60.991261
1.400000 1.200000 -167.317978 59.478287
1.400000 1.400000 -128.579971 51.624496
1.400000 1.600001 -91.657883 40.291470
1.400000 1.800001 -60.270218 28.420895
1.400000 2.000000 -36.433525 18.171206
1.400000 2.200001 -20.210007 10.552954
1.400000 2.400001 -10.277884 5.575982
1.400000 2.600001 -4.790209 2.684351
1.400000 2.800001 -2.046231 1.178859
1.600001 -3.000000 -0.438468 -0.700234
1.600001 -2.800000 -1.164073 -1.710748
1.600001 -2.600000 -2.843833 -3.846025
1.600001 -2.400000 -6.396391 -7.954000
1.600001 -2.200000 -13.256890 -15.127231
1.600001 -2.000000 -25.331659 -26.444740
1.600001 -1.800000 -44.684669 -42.462975
1.600001 -1.600000 -72.816856 -62.576077
1.600001 -1.400000 -109.789459 -84.544014
1.600001 -1.200000 -153.323822 -104.559402
1.600001 -1.000000 -198.734055 -118.143440
1.600001 -0.800000 -239.774307 -121.565582
1.600001 -0.600000 -270.400421 -113.278900
1.600001 -0.400000 -286.744751 -94.528130
1.600001 -0.200000 -288.493835 -68.740173
1.600001 0.000000 -278.452484 -40.273666
1.600001 0.200000 -260.845154 -13.073852
1.600001 0.400000 -239.204468 10.038499
1.600001 0.600000 -215.114502 27.325483
1.600001 0.800000 -188.497650 37.952377
1.600001 1.000000 -159.040543 41.894608
1.600001 1.200000 -127.469292 40.041771
1.600001 1.400000 -95.894997 34.079731
1.600001 1.600001 -67.116577 26.126490
1.600001 1.800001 -43.440948 18.136669
1.600001 2.000000 -25.900291 11.433705
1.600001 2.200001 -14.194221 6.558255
1.600001 2.400001 -7.141325 3.427227
1.600001 2.600001 -3.296695 1.633792
1.600001 2.800001 -1.396196 0.711195
1.800001 -3.000000 -0.313183 -0.406264
1.800001 -2.800000 -0.837691 -1.011199
1.800001 -2.600000 -2.064372 -2.316917
1.800001 -2.400000 -4.689655 -4.885453
1.800001 -2.200000 -9.826393 -9.474716
1.800001 -2.000000 -18.997730 -16.888681
1.800001 -1.800000 -33.912960 -27.650057
1.800001 -1.600000 -55.929878 -41.530457
1.800001 -1.400000 -85.287033 -57.160633
1.800001 -1.200000 -120.370270 -71.966286
1.800001 -1.000000 -157.443878 -82.702713
1.800001 -0.800000 -191.317871 -86.452301
1.800001 -0.600000 -216.708832 -81.718803
1.800001 -0.400000 -230.059647 -69.038994
1.800001 -0.200000 -230.676514 -50.778008
1.800001 0.000000 -220.646118 -30.217295
1.800001 0.200000 -203.537704 -10.552707
1.800001 0.400000 -182.734848 5.883503
1.800001 0.600000 -160.235138 17.733171
1.800001 0.800000 -136.747726 24.560310
1.800001 1.000000 -112.501007 26.693308
1.800001 1.200000 -88.149124 25.032991
1.800001 1.400000 -65.033112 20.914202
1.800001 1.600001 -44.765079 15.760378
1.800001 1.800001 -28.563091 10.774964
1.800001 2.000000 -16.822334 6.701727
1.800001 2.200001 -9.120854 3.798851
1.800001 2.400001 -4.545749 1.964692
1.800001 2.600001 -2.080964 0.928046
1.800001 2.800001 -0.874711 0.400717
2.000000 -3.000000 -0.204205 -0.222475
2.000000 -2.800000 -0.550209 -0.562657
2.000000 -2.600000 -1.367000 -1.310191
2.000000 -2.400000 -3.132756 -2.807516
2.000000 -2.200000 -6.624906 -5.532362
2.000000 -2.000000 -12.928953 -10.018553
2.000000 -1.800000 -23.296392 -16.657974
2.000000 -1.600000 -38.772743 -25.403101
2.000000 -1.400000 -59.632362 -35.481949
2.000000 -1.200000 -84.803825 -45.311520
2.000000 -1.000000 -111.666344 -52.781425
2.000000 -0.800000 -136.393890 -55.875744
2.000000 -0.600000 -155.001648 -53.429543
2.000000 -0.400000 -164.655594 -45.607155
2.000000 -0.200000 -164.641357 -33.866779
2.000000 0.000000 -156.329987 -20.436069
2.000000 0.200000 -142.392090 -7.541835
2.000000 0.400000 -125.564095 3.104949
2.000000 0.600000 -107.721313 10.565606
2.000000 0.800000 -89.787071 14.646880
2.000000 1.000000 -72.191002 15.708081
2.000000 1.200000 -55.403107 14.485154
2.000000 1.400000 -40.144604 11.893991
2.000000 1.600001 -27.213434 8.819193
2.000000 1.800001 -17.140512 5.941822
2.000000 2.000000 -9.984040 3.648430
2.000000 2.200001 -5.361859 2.044897
2.000000 2.400001 -2.650113 1.047259
2.000000 2.600001 -1.204267 0.490433
2.000000 2.800001 -0.502880 0.210161
2.200001 -3.000000 -0.121665 -0.114281
2.200001 -2.800000 -0.329950 -0.292919
2.200001 -2.600000 -0.825506 -0.691160
2.200001 -2.400000 -1.905596 -1.500503
2.200001 -2.200000 -4.059053 -2.995153
2.200001 -2.000000 -7.980015 -5.492856
2.200001 -1.800000 -14.481977 -9.246723
2.200001 -1.600000 -24.267031 -14.271972
2.200001 -1.400000 -37.556362 -20.168917
2.200001 -1.200000 -53.716263 -26.051586
2.200001 -1.000000 -71.074471 -30.679073
2.200001 -0.800000 -87.140938 -32.812500
2.200001 -0.600000 -99.265121 -31.676102
2.200001 -0.400000 -105.494286 -27.275902
2.200001 -0.200000 -105.235008 -20.430563
2.200001 0.000000 -99.325859 -12.475675
2.200001 0.200000 -89.531151 -4.817343
2.200001 0.400000 -77.764893 1.455113
2.200001 0.600000 -65.462875 5.762805
2.200001 0.800000 -53.437401 8.020096
2.200001 1.000000 -42.082508 8.511383
2.200001 1.200000 -31.685261 7.734791
2.200001 1.400000 -22.580679 6.252904
2.200001 1.600001 -15.092395 4.567328
2.200001 1.800001 -9.393741 3.035153
2.200001 2.000000 -5.417004 1.840927
2.200001 2.200001 -2.884327 1.020758
2.200001 2.400001 -1.415066 0.517873
2.200001 2.600001 -0.638864 0.240544
2.200001 2.800001 -0.265247 0.102343
2.400001 -3.000000 -0.066228 -0.054772
2.400001 -2.800000 -0.180593 -0.141924
2.400001 -2.600000 -0.454364 -0.338480
2.400001 -2.400000 -1.054838 -0.742578
2.400001 -2.200000 -2.259619 -1.497577
2.400001 -2.000000 -4.467402 -2.774283
2.400001 -1.800000 -8.150958 -4.716424
2.400001 -1.600000 -13.726768 -7.350285
2.400001 -1.400000 -21.344284 -10.485844
2.400001 -1.200000 -30.657972 -13.669105
2.400001 -1.000000 -40.710873 -16.240408
2.400001 -0.800000 -50.054089 -17.518099
2.400001 -0.600000 -57.116142 -17.046343
2.400001 -0.400000 -60.716099 -14.789193
2.400001 -0.200000 -60.446007 -11.162600
2.400001 0.000000 -56.767937 -6.894042
2.400001 0.200000 -50.726383 -2.768783
2.400001 0.400000 -43.498535 0.594914
2.400001 0.600000 -36.026237 2.870961
2.400001 0.800000 -28.872269 4.024953
2.400001 1.000000 -22.314957 4.238618
2.400001 1.200000 -16.510353 3.804775
2.400001 1.400000 -11.585908 3.033554
2.400001 1.600001 -7.642970 2.185598
2.400001 1.800001 -4.705186 1.433870
2.400001 2.000000 -2.688431 0.859635
2.400001 2.200001 -1.420393 0.471776
2.400001 2.400001 -0.692232 0.237205
2.400001 2.600001 -0.310724 0.109321
2.400001 2.800001 -0.128353 0.046197
2.600001 -3.000000 -0.032924 -0.024386
2.600001 -2.800000 -0.090170 -0.063742
2.600001 -2.600000 -0.227868 -0.153326
2.600001 -2.400000 -0.531337 -0.339208
2.600001 -2.200000 -1.143179 -0.689748
2.600001 -2.000000 -2.269553 -1.288102
2.600001 -1.800000 -4.157524 -2.207269
2.600001 -1.600000 -7.028494 -3.466798
2.600001 -1.400000 -10.966825 -4.983879
2.600001 -1.200000 -15.801918 -6.545891
2.600001 -1.000000 -21.039991 -7.834185
2.600001 -0.800000 -25.923676 -8.510594
2.600001 -0.600000 -29.620008 -8.337892
2.600001 -0.400000 -31.487911 -7.281251
2.600001 -0.200000 -31.295361 -5.534695
2.600001 0.000000 -29.269444 -3.454609
2.600001 0.200000 -25.964022 -1.436176
2.600001 0.400000 -22.024506 0.205458
2.600001 0.600000 -17.986055 1.304814
2.600001 0.800000 -14.182137 1.849329
2.600001 1.000000 -10.778215 1.937511
2.600001 1.200000 -7.847462 1.721563
2.600001 1.400000 -5.428732 1.356235
2.600001 1.600001 -3.537685 0.965103
2.600001 1.800001 -2.155688 0.625708
2.600001 2.000000 -1.221273 0.371057
2.600001 2.200001 -0.640671 0.201660
2.600001 2.400001 -0.310356 0.100526
2.600001 2.600001 -0.138592 0.045982
2.600001 2.800001 -0.056992 0.019305
2.800001 -3.000000 -0.014942 -0.010052
2.800001 -2.800000 -0.041063 -0.026459
2.800001 -2.600000 -0.104127 -0.064084
2.800001 -2.400000 -0.243615 -0.142729
2.800001 -2.200000 -0.525880 -0.292149
2.800001 -2.000000 -1.047312 -0.549153
2.800001 -1.800000 -1.924364 -0.947100
2.800001 -1.600000 -3.262484 -1.497034
2.800001 -1.400000 -5.104051 -2.165713
2.800001 -1.200000 -7.371785 -2.862211
2.800001 -1.000000 -9.835676 -3.446574
2.800001 -0.800000 -12.138282 -3.766661
2.800001 -0.600000 -13.882291 -3.711792
2.800001 -0.400000 -14.757335 -3.260473
2.800001 -0.200000 -14.645956 -2.494739
2.800001 0.000000 -13.649714 -1.572895
2.800001 0.200000 -12.033602 -0.674652
2.800001 0.400000 -10.113879 0.055267
2.800001 0.600000 -8.159163 0.540881
2.800001 0.800000 -6.341951 0.777505
2.800001 1.000000 -4.747171 0.812275
2.800001 1.200000 -3.405949 0.715901
2.800001 1.400000 -2.325086 0.558224
2.800001 1.600001 -1.497948 0.392910
2.800001 1.800001 -0.904096 0.251988
2.800001 2.000000 -0.508161 0.147928
2.800001 2.200001 -0.264832 0.079656
2.800001 2.400001 -0.127587 0.039384
2.800001 2.600001 -0.056709 0.017885
2.800001 2.800001 -0.023226 0.007462